DATASET = ORTEC Late VeRoLog 2019
NAME = Instance 10
TRUCK_DISTANCE = 378539
NUMBER_OF_TRUCK_DAYS = 227
NUMBER_OF_TRUCKS_USED = 8
TECHNICIAN_DISTANCE = 215816
NUMBER_OF_TECHNICIAN_DAYS = 456
NUMBER_OF_TECHNICIANS_USED = 42
IDLE_MACHINE_COSTS = 1442
TOTAL_COST = 4073708242
DAY = 1
NUMBER_OF_TRUCKS = 5
3 5 0 6 8 13 
2 3 0 4 0 10 
5 12 0 14 0 15 
4 7 0 9 0 11 
1 1 0 2 16 
NUMBER_OF_TECHNICIANS = 0
DAY = 2
NUMBER_OF_TRUCKS = 4
7 20 21 0 22 0 24 0 26 
6 17 0 18 0 19 
9 27 
8 23 0 25 
NUMBER_OF_TECHNICIANS = 10
66 12 
71 2 8 
7 14 15 
69 7 9 16 
1 4 6 
70 1 11 
73 10 
67 13 
3 3 
82 5 
DAY = 3
NUMBER_OF_TRUCKS = 4
10 28 0 29 30 0 31 0 34 
11 32 0 33 35 
13 41 0 42 0 43 
12 36 37 0 38 0 39 40 
NUMBER_OF_TECHNICIANS = 9
67 17 24 
69 18 
5 22 
64 21 27 
8 20 
1 19 
3 25 
70 23 
2 26 
DAY = 4
NUMBER_OF_TRUCKS = 5
14 44 0 45 0 46 47 56 
17 53 0 54 0 55 
16 50 0 51 0 52 
18 57 
15 48 0 49 
NUMBER_OF_TECHNICIANS = 10
5 31 42 
65 29 
69 30 36 
70 40 
67 33 34 43 
1 28 35 38 
82 39 
15 32 
64 41 
2 37 
DAY = 5
NUMBER_OF_TRUCKS = 3
19 58 0 59 60 0 61 62 71 
20 63 0 64 0 65 
21 66 67 0 68 0 69 0 70 
NUMBER_OF_TECHNICIANS = 10
64 55 
71 56 
68 50 
65 52 
8 57 
69 47 49 53 
1 44 48 
7 51 
66 45 54 
2 46 
DAY = 6
NUMBER_OF_TRUCKS = 4
22 72 0 73 75 0 79 
24 78 80 0 81 84 
23 74 0 76 0 77 
25 82 83 0 85 86 
NUMBER_OF_TECHNICIANS = 8
69 58 65 
8 64 69 
65 59 67 
73 63 
1 60 68 
66 62 71 
70 66 70 
7 61 
DAY = 7
NUMBER_OF_TRUCKS = 4
28 95 96 0 97 99 
27 92 0 93 0 94 
26 87 88 0 89 0 90 91 
29 98 0 100 0 101 
NUMBER_OF_TECHNICIANS = 9
70 73 74 80 
3 77 81 
67 75 79 82 
79 84 
2 76 
5 72 
9 83 
8 78 86 
64 85 
DAY = 8
NUMBER_OF_TRUCKS = 6
33 111 0 112 0 113 
31 105 0 106 0 108 110 
30 102 103 0 104 0 117 
32 107 0 109 120 
35 118 0 119 
34 114 0 115 0 116 
NUMBER_OF_TECHNICIANS = 10
8 94 95 100 
2 99 
9 92 
68 91 
66 93 97 101 
15 96 
3 90 
67 88 98 
64 87 
70 89 
DAY = 9
NUMBER_OF_TRUCKS = 5
39 132 0 133 0 134 135 
36 121 0 122 0 123 
37 124 0 125 0 126 131 
40 136 
38 127 0 128 0 129 0 130 
NUMBER_OF_TECHNICIANS = 11
82 106 
74 118 
5 103 116 
65 110 
71 105 109 
2 113 
8 102 107 120 
3 114 
1 104 108 111 
73 119 
70 112 115 117 
DAY = 10
NUMBER_OF_TRUCKS = 2
42 141 0 142 143 
41 137 138 0 139 140 144 
NUMBER_OF_TECHNICIANS = 12
68 125 
11 136 
64 121 126 
71 133 
70 123 
72 127 
73 130 134 
9 129 
66 132 135 
1 122 124 
67 128 
65 131 
DAY = 11
NUMBER_OF_TRUCKS = 7
49 163 0 164 
48 160 0 161 0 162 
43 145 0 146 147 
47 157 0 158 159 
45 151 0 152 0 153 
44 148 0 149 0 150 
46 154 0 155 156 
NUMBER_OF_TECHNICIANS = 5
1 137 138 140 
69 141 143 
2 139 
80 144 
72 142 
DAY = 12
NUMBER_OF_TRUCKS = 5
51 169 170 0 171 172 175 0 176 
50 165 0 166 167 168 
52 173 0 174 177 
53 178 0 179 
54 180 
NUMBER_OF_TECHNICIANS = 10
7 155 
65 146 160 
3 147 157 
8 156 158 161 
4 164 
1 145 148 149 151 154 163 
6 159 
11 162 
69 150 152 
67 153 
DAY = 13
NUMBER_OF_TRUCKS = 6
56 185 0 186 187 0 188 0 190 
57 189 0 191 0 192 0 193 
58 194 0 195 
60 198 0 199 
59 196 0 197 
55 181 182 0 183 0 184 
NUMBER_OF_TECHNICIANS = 10
75 175 
80 180 
71 170 
16 177 
1 166 167 173 178 
8 165 169 174 179 
5 168 
67 172 
69 176 
2 171 
DAY = 14
NUMBER_OF_TRUCKS = 4
61 200 201 0 204 0 205 
64 211 
63 207 208 0 209 0 210 
62 202 203 0 206 
NUMBER_OF_TECHNICIANS = 10
66 181 182 186 193 
72 190 196 
6 194 
67 192 
8 189 191 
69 187 188 
10 197 
68 199 
70 183 184 185 
7 195 198 
DAY = 15
NUMBER_OF_TRUCKS = 4
67 220 0 221 0 222 
65 212 0 213 214 0 215 218 223 
66 216 217 0 219 
68 224 0 225 
NUMBER_OF_TECHNICIANS = 9
67 201 
65 208 
3 200 209 
2 205 
8 203 207 
70 202 
82 206 211 
68 210 
69 204 
DAY = 16
NUMBER_OF_TRUCKS = 8
70 229 0 230 0 231 
76 251 
69 226 0 227 0 228 0 234 
73 241 242 0 243 0 244 0 249 
72 236 237 0 238 0 240 
71 232 0 233 0 235 239 
74 245 0 246 0 250 
75 247 0 248 
NUMBER_OF_TECHNICIANS = 9
3 217 221 
2 223 
70 214 220 222 
15 216 
1 213 219 
8 212 215 
67 224 
73 225 
72 218 
DAY = 17
NUMBER_OF_TRUCKS = 5
80 264 0 265 0 267 
78 254 0 255 0 256 
77 252 0 253 0 257 
79 258 0 259 260 0 261 0 262 0 263 
81 266 
NUMBER_OF_TECHNICIANS = 13
1 230 232 234 237 
72 245 251 
20 248 
70 228 229 236 243 
15 238 
64 226 241 242 
12 246 
16 244 
68 227 
11 231 233 235 239 
9 247 
14 240 250 
76 249 
DAY = 18
NUMBER_OF_TRUCKS = 5
84 275 0 276 0 279 
82 268 0 269 0 271 274 
86 283 0 284 0 285 
85 277 0 278 280 0 281 282 
83 270 272 0 273 
NUMBER_OF_TECHNICIANS = 11
64 253 260 
73 256 
76 257 
11 258 262 265 
69 261 
1 254 267 
66 255 263 
10 259 
5 252 
72 264 
12 266 
DAY = 19
NUMBER_OF_TRUCKS = 5
88 289 0 290 0 291 0 292 
89 293 0 294 0 297 
90 295 0 296 
87 286 0 287 0 288 
91 298 
NUMBER_OF_TECHNICIANS = 11
11 281 285 
75 274 276 
8 268 269 282 
15 273 
1 270 278 283 
14 284 
3 272 
71 275 
83 277 279 
16 280 
73 271 
DAY = 20
NUMBER_OF_TRUCKS = 7
93 302 0 303 304 0 307 313 0 317 
92 299 300 0 301 0 319 
97 314 0 315 0 316 
94 305 306 0 318 
95 308 309 0 310 
98 320 0 321 
96 311 0 312 
NUMBER_OF_TECHNICIANS = 10
65 288 
68 286 
69 290 291 
7 294 297 298 
67 293 
20 296 
1 289 
16 292 
9 287 
12 295 
DAY = 21
NUMBER_OF_TRUCKS = 5
103 337 338 0 339 0 340 
101 330 331 0 332 333 
102 334 335 0 336 
99 322 323 0 324 325 326 
100 327 0 328 0 329 
NUMBER_OF_TECHNICIANS = 16
69 301 
2 304 316 317 319 
16 313 
75 320 
82 311 
20 306 307 
10 308 
94 305 
22 321 
72 312 
68 310 
80 318 
6 300 
70 299 302 303 
12 309 314 
14 315 
DAY = 22
NUMBER_OF_TRUCKS = 5
105 344 345 0 346 347 0 348 0 356 
107 352 353 0 354 
108 355 0 357 
106 349 0 350 0 351 
104 341 0 342 0 343 
NUMBER_OF_TECHNICIANS = 10
82 331 340 
11 337 338 
67 326 
12 322 
8 323 324 325 329 332 
70 334 335 
65 327 333 
15 328 330 
6 339 
10 336 
DAY = 23
NUMBER_OF_TRUCKS = 5
109 358 0 359 0 360 361 0 362 0 366 368 
112 371 372 0 373 
110 363 0 364 0 365 0 376 
113 374 0 375 377 
111 367 0 369 0 370 
NUMBER_OF_TECHNICIANS = 10
4 349 
15 357 
65 346 
67 344 350 
6 347 
64 342 355 
72 352 
1 343 351 354 
8 341 345 348 353 
77 356 
DAY = 24
NUMBER_OF_TRUCKS = 3
115 380 0 381 0 382 383 0 384 
114 378 0 379 0 386 
116 385 
NUMBER_OF_TECHNICIANS = 12
77 376 
6 368 
7 360 363 
72 365 369 372 377 
66 358 
16 367 
20 371 373 
12 374 
9 370 
71 375 
2 359 366 
70 361 362 364 
DAY = 25
NUMBER_OF_TRUCKS = 4
118 391 0 392 0 393 394 
119 395 0 396 0 398 
120 397 0 399 400 
117 387 0 388 389 0 390 
NUMBER_OF_TECHNICIANS = 5
6 386 
82 380 382 384 
64 381 
1 378 383 385 
70 379 
DAY = 26
NUMBER_OF_TRUCKS = 4
123 407 0 408 0 409 0 413 
124 410 0 411 412 
122 403 404 0 405 0 406 
121 401 0 402 
NUMBER_OF_TECHNICIANS = 13
65 394 
4 387 
1 389 
12 397 
14 398 
5 393 
85 399 
7 396 
73 395 
9 390 
68 388 
71 400 
72 391 392 
DAY = 27
NUMBER_OF_TRUCKS = 4
127 422 0 423 424 
128 425 
125 414 0 415 416 0 417 
126 418 419 0 420 421 
NUMBER_OF_TECHNICIANS = 7
1 401 402 
8 410 
67 411 413 
73 404 406 409 
69 405 407 
71 403 412 
68 408 
DAY = 28
NUMBER_OF_TRUCKS = 4
129 426 0 427 0 428 
131 433 0 434 0 435 0 436 
130 429 0 430 431 0 432 
132 437 
NUMBER_OF_TECHNICIANS = 9
9 416 
72 422 423 425 
73 419 
2 421 
70 414 
69 418 
67 417 420 
5 424 
64 415 
DAY = 29
NUMBER_OF_TRUCKS = 3
134 441 442 0 443 444 0 446 
135 445 0 447 0 448 
133 438 0 439 0 440 
NUMBER_OF_TECHNICIANS = 8
7 426 433 
64 430 
70 428 434 437 
8 429 431 
14 435 
6 432 
69 427 
66 436 
DAY = 30
NUMBER_OF_TRUCKS = 6
137 452 453 0 454 458 0 460 
138 455 0 456 461 
141 467 0 468 
139 457 0 459 466 
140 462 0 463 464 0 465 
136 449 450 0 451 
NUMBER_OF_TECHNICIANS = 5
9 447 
64 438 440 
69 439 443 444 
15 441 445 446 
8 442 448 
DAY = 31
NUMBER_OF_TRUCKS = 3
142 469 470 0 471 473 
144 476 
143 472 0 474 0 475 
NUMBER_OF_TECHNICIANS = 13
23 467 
70 450 454 
20 456 461 
83 452 
64 449 458 
5 462 
15 455 457 
67 453 460 
3 451 459 
74 468 
10 465 466 
16 463 
75 464 
DAY = 32
NUMBER_OF_TRUCKS = 4
146 479 480 0 481 482 0 483 
148 487 0 488 
145 477 0 478 484 
147 485 0 486 
NUMBER_OF_TECHNICIANS = 6
15 476 
6 470 
72 469 471 
7 474 475 
70 472 
67 473 
DAY = 33
NUMBER_OF_TRUCKS = 4
152 499 
151 496 497 0 498 
149 489 0 490 0 491 
150 492 0 493 0 494 0 495 
NUMBER_OF_TECHNICIANS = 7
66 480 
15 488 
71 482 485 
5 477 
8 479 481 483 484 487 
6 478 
72 486 
DAY = 34
NUMBER_OF_TRUCKS = 4
156 511 0 512 0 513 
153 500 501 0 502 0 503 0 504 509 
155 508 0 510 
154 505 0 506 0 507 
NUMBER_OF_TECHNICIANS = 7
102 498 
72 499 
1 490 494 
8 489 491 493 
2 496 
71 497 
67 492 495 
DAY = 35
NUMBER_OF_TRUCKS = 2
158 517 518 0 519 520 0 521 522 
157 514 515 0 516 
NUMBER_OF_TECHNICIANS = 7
71 500 504 
69 502 507 
15 508 513 
73 509 
2 503 512 
8 506 510 511 
70 501 505 
DAY = 36
NUMBER_OF_TRUCKS = 6
160 526 527 0 528 529 0 530 534 0 541 
163 536 537 0 538 0 540 
164 539 542 0 543 544 
162 533 0 535 
159 523 0 524 525 
161 531 0 532 
NUMBER_OF_TECHNICIANS = 6
71 516 519 
73 520 
70 514 517 
69 522 
7 518 521 
8 515 
DAY = 37
NUMBER_OF_TRUCKS = 5
169 558 559 560 
167 551 0 552 553 
166 548 0 549 0 550 0 554 
165 545 0 546 0 547 
168 555 0 556 0 557 
NUMBER_OF_TECHNICIANS = 9
2 537 541 
70 524 528 530 532 533 
64 525 536 
72 540 
8 534 538 542 544 
1 523 526 529 531 543 
71 539 
69 527 
7 535 
DAY = 38
NUMBER_OF_TRUCKS = 6
170 561 0 562 563 578 
173 570 571 572 0 574 
172 567 0 568 569 0 575 
175 579 580 
171 564 0 565 566 0 576 
174 573 0 577 
NUMBER_OF_TECHNICIANS = 8
64 549 
72 550 551 555 556 560 
70 553 
82 552 
69 547 
11 558 
1 545 546 559 
2 548 554 
DAY = 39
NUMBER_OF_TRUCKS = 5
180 594 595 
179 591 592 0 593 
176 581 0 582 0 583 584 
178 588 0 589 0 590 
177 585 586 0 587 
NUMBER_OF_TECHNICIANS = 12
15 571 
67 562 
72 566 569 
75 579 
65 563 564 
70 565 568 570 576 580 
11 567 578 
82 557 
80 575 
38 572 
2 574 
1 561 573 577 
DAY = 40
NUMBER_OF_TRUCKS = 4
181 596 0 597 598 0 599 
182 600 0 601 0 602 0 603 
183 604 605 0 606 607 
184 608 
NUMBER_OF_TECHNICIANS = 8
2 586 593 
67 581 582 595 
82 590 
72 587 589 
68 583 
8 584 591 
80 588 592 594 
71 585 
DAY = 41
NUMBER_OF_TRUCKS = 5
185 609 0 610 0 612 0 619 0 627 
186 611 0 613 614 0 617 620 
189 626 628 0 629 
187 615 0 616 618 0 625 
188 621 622 0 623 624 
NUMBER_OF_TECHNICIANS = 8
71 607 
73 599 605 
66 597 598 
82 600 601 603 
8 596 604 
83 602 
20 606 
67 608 
DAY = 42
NUMBER_OF_TRUCKS = 5
194 644 0 645 0 646 0 647 
193 640 641 0 642 643 
190 630 0 631 0 632 0 639 
191 633 634 0 635 
192 636 637 0 638 
NUMBER_OF_TECHNICIANS = 13
64 609 617 621 
2 625 
70 610 618 622 626 
7 628 
10 629 
85 624 
80 620 
6 615 
69 611 613 
73 623 
71 619 
72 614 616 
67 612 627 
DAY = 43
NUMBER_OF_TRUCKS = 5
199 664 0 665 
195 648 649 0 650 0 652 658 
197 654 655 0 656 659 
198 660 661 0 662 663 
196 651 0 653 0 657 
NUMBER_OF_TECHNICIANS = 11
69 632 643 
7 635 638 
11 647 
12 645 
67 630 633 
70 640 
68 636 
8 637 644 
72 639 
73 641 642 
64 631 634 646 
DAY = 44
NUMBER_OF_TRUCKS = 4
202 674 0 675 678 
201 672 0 673 
200 666 0 667 0 668 0 669 0 670 671 
203 676 677 
NUMBER_OF_TECHNICIANS = 8
15 661 
1 648 649 653 665 
71 654 
69 650 651 659 663 
12 657 
7 656 
70 652 658 662 664 
8 655 660 
DAY = 45
NUMBER_OF_TRUCKS = 4
206 685 686 687 0 688 0 689 
207 690 0 691 
204 679 0 680 0 681 0 682 
205 683 0 684 
NUMBER_OF_TECHNICIANS = 7
15 669 676 
70 667 671 677 
2 668 670 
14 674 678 
74 673 
66 666 
5 672 675 
DAY = 46
NUMBER_OF_TRUCKS = 5
208 692 693 0 694 0 697 704 
212 707 0 708 
210 698 0 699 0 700 
211 701 0 702 0 703 0 705 
209 695 0 696 0 706 
NUMBER_OF_TECHNICIANS = 10
15 681 688 
73 680 
20 686 690 
68 689 
66 679 
87 691 
65 685 
83 682 
74 683 684 
6 687 
DAY = 47
NUMBER_OF_TRUCKS = 6
215 715 0 716 0 717 0 718 0 724 
217 721 0 722 
218 725 
216 719 0 720 0 723 
214 712 0 713 0 714 
213 709 0 710 0 711 
NUMBER_OF_TECHNICIANS = 9
2 697 702 
87 700 
65 704 
77 706 
74 703 
1 692 693 695 701 
66 705 
8 694 696 698 699 707 
5 708 
DAY = 48
NUMBER_OF_TRUCKS = 3
221 733 
220 730 0 731 0 732 
219 726 0 727 728 729 
NUMBER_OF_TECHNICIANS = 9
73 715 
1 711 714 719 
67 720 725 
11 722 
14 723 724 
16 712 717 718 
12 716 
15 721 
8 709 710 713 
DAY = 49
NUMBER_OF_TRUCKS = 6
226 747 0 748 0 749 
227 750 
225 745 0 746 
224 742 0 743 0 744 
223 738 739 0 740 741 
222 734 735 0 736 737 
NUMBER_OF_TECHNICIANS = 5
69 726 732 
8 730 731 
64 727 729 
67 733 
3 728 
DAY = 50
NUMBER_OF_TRUCKS = 0
NUMBER_OF_TECHNICIANS = 11
65 739 
82 740 
13 750 
69 736 748 
2 734 
12 742 743 747 
7 735 741 744 
76 749 
64 737 
68 746 
8 738 745 
DAY = 51
NUMBER_OF_TRUCKS = 0
NUMBER_OF_TECHNICIANS = 0
DAY = 52
NUMBER_OF_TRUCKS = 0
NUMBER_OF_TECHNICIANS = 0
DAY = 53
NUMBER_OF_TRUCKS = 0
NUMBER_OF_TECHNICIANS = 0
DAY = 54
NUMBER_OF_TRUCKS = 0
NUMBER_OF_TECHNICIANS = 0
DAY = 55
NUMBER_OF_TRUCKS = 0
NUMBER_OF_TECHNICIANS = 0
