DATASET = ORTEC Early VeRoLog 2019 - easy
NAME = Instance 2 easy
TRUCK_DISTANCE = 149072
NUMBER_OF_TRUCK_DAYS = 130
NUMBER_OF_TRUCKS_USED = 11
TECHNICIAN_DISTANCE = 76859
NUMBER_OF_TECHNICIAN_DAYS = 158
NUMBER_OF_TECHNICIANS_USED = 29
IDLE_MACHINE_COSTS = 0
TOTAL_COST = 14916599900
DAY = 1
NUMBER_OF_TRUCKS = 6
6 14 15 
2 4 5 0 9 13 
5 11 12 
3 6 7 
1 1 2 3 
4 8 10 
NUMBER_OF_TECHNICIANS = 0
DAY = 2
NUMBER_OF_TRUCKS = 7
11 26 0 27 29 
8 20 21 0 25 
7 16 17 0 18 19 
10 24 0 33 
12 28 30 
13 31 32 
9 22 23 
NUMBER_OF_TECHNICIANS = 10
13 11 
257 4 10 
2 2 3 
7 8 12 
3 9 13 
1 1 
263 5 
4 7 
16 14 15 
6 6 
DAY = 3
NUMBER_OF_TRUCKS = 7
16 40 41 43 0 44 
19 49 0 50 
14 34 35 36 
18 46 47 48 
20 51 52 0 53 
15 37 38 39 
17 42 0 45 
NUMBER_OF_TECHNICIANS = 10
2 16 17 21 25 27 
16 31 
1 18 20 33 
263 19 
8 26 28 
257 24 
30 32 
13 30 
6 22 23 
3 29 
DAY = 4
NUMBER_OF_TRUCKS = 5
25 64 
22 56 57 60 
23 58 0 59 0 63 
24 61 0 62 
21 54 55 
NUMBER_OF_TECHNICIANS = 10
8 42 44 
13 53 
2 36 37 39 40 45 
264 50 
6 35 38 41 
7 46 
17 48 51 
257 49 52 
1 34 47 
3 43 
DAY = 5
NUMBER_OF_TRUCKS = 8
27 67 0 68 
28 70 71 0 74 75 
29 72 73 
33 80 
26 65 66 69 
30 76 
32 78 
31 77 0 79 
NUMBER_OF_TECHNICIANS = 6
1 59 61 62 
6 55 
2 54 56 58 
11 57 
3 63 
13 60 64 
DAY = 6
NUMBER_OF_TRUCKS = 10
41 94 0 95 99 
35 82 83 0 84 100 
36 85 87 
37 86 0 91 
38 88 89 
39 90 93 
43 97 
40 92 
42 96 98 
34 81 
NUMBER_OF_TECHNICIANS = 8
16 73 80 
3 74 75 
1 65 66 67 
6 72 
34 79 
11 69 
2 68 70 71 
263 76 77 78 
DAY = 7
NUMBER_OF_TRUCKS = 7
47 104 0 105 117 
48 108 0 110 
49 111 112 114 
46 103 0 116 
45 102 107 109 
50 113 115 
44 101 106 
NUMBER_OF_TECHNICIANS = 9
264 89 92 
257 90 91 
19 100 
16 84 87 88 93 
17 85 86 94 
7 96 98 
9 81 83 97 
13 82 
8 95 99 
DAY = 8
NUMBER_OF_TRUCKS = 5
55 127 0 128 
51 118 119 0 123 
53 122 124 
52 120 121 
54 125 0 126 
NUMBER_OF_TECHNICIANS = 6
30 105 107 111 113 115 
4 112 
9 101 103 104 106 108 109 
34 102 
7 114 
8 110 116 117 
DAY = 9
NUMBER_OF_TRUCKS = 6
61 139 140 141 
58 132 
57 130 131 133 
59 135 0 136 
60 137 0 138 
56 129 0 134 
NUMBER_OF_TECHNICIANS = 6
257 121 126 128 
8 123 127 
2 119 122 125 
263 118 
16 120 
6 124 
DAY = 10
NUMBER_OF_TRUCKS = 5
64 147 0 150 
65 148 149 
63 144 145 
66 151 
62 142 143 0 146 
NUMBER_OF_TECHNICIANS = 7
13 135 140 
6 133 138 
1 129 134 137 
9 139 141 
7 131 
8 136 
2 130 132 
DAY = 11
NUMBER_OF_TRUCKS = 11
71 160 
72 162 164 
73 163 0 171 
74 165 
75 167 168 
70 158 159 161 
69 157 
76 170 
77 172 
67 152 153 154 0 155 169 
68 156 0 166 
NUMBER_OF_TECHNICIANS = 6
2 142 143 146 
14 150 
9 145 147 148 
13 149 
1 144 
16 151 
DAY = 12
NUMBER_OF_TRUCKS = 6
80 175 0 179 184 
81 177 178 
82 180 0 182 
83 181 0 183 185 
79 174 0 186 
78 173 176 
NUMBER_OF_TECHNICIANS = 12
1 156 161 
262 159 
9 166 168 172 
5 158 
2 152 153 154 155 
26 171 
17 169 
4 162 165 
6 164 
16 167 170 
257 157 160 
263 163 
DAY = 13
NUMBER_OF_TRUCKS = 9
84 187 0 190 0 203 
86 192 0 193 197 208 
85 188 189 191 
90 202 0 206 
91 204 205 
87 194 195 0 196 200 
89 201 
92 207 
88 198 0 199 
NUMBER_OF_TECHNICIANS = 10
16 177 180 184 
262 176 
9 174 181 
257 175 
263 186 
2 173 179 
29 182 
6 178 
30 183 
17 185 
DAY = 14
NUMBER_OF_TRUCKS = 5
96 217 218 
97 220 
94 213 215 219 
95 214 0 216 
93 209 210 0 211 0 212 
NUMBER_OF_TECHNICIANS = 10
28 199 
257 187 189 
263 190 195 198 
9 192 194 196 200 201 
16 193 197 204 205 
13 188 191 
30 203 206 
266 202 
4 207 
32 208 
DAY = 15
NUMBER_OF_TRUCKS = 6
99 223 224 227 231 
100 225 0 226 0 230 
101 228 0 232 
103 234 0 235 
98 221 222 
102 229 233 
NUMBER_OF_TECHNICIANS = 7
34 218 
30 209 211 219 
264 220 
263 213 217 
6 215 
8 210 212 214 
17 216 
DAY = 16
NUMBER_OF_TRUCKS = 8
110 250 251 252 
111 253 
108 246 248 
106 242 243 244 
107 245 
105 240 241 
104 236 0 237 238 0 239 
109 247 249 
NUMBER_OF_TECHNICIANS = 9
4 229 
8 230 231 
2 222 226 
13 234 
6 224 227 233 
262 235 
19 232 
1 221 223 
257 225 228 
DAY = 17
NUMBER_OF_TRUCKS = 6
117 268 269 0 270 
112 254 255 257 0 259 0 261 
115 262 263 264 
114 260 0 267 
113 256 258 
116 265 266 
NUMBER_OF_TECHNICIANS = 9
30 249 
9 245 250 
25 252 
1 236 243 
19 247 
6 240 242 
29 253 
2 237 238 239 241 244 248 
13 246 251 
DAY = 18
NUMBER_OF_TRUCKS = 8
124 283 284 0 287 
122 279 280 
119 274 0 275 
121 277 
120 276 278 286 
125 285 
123 281 282 
118 271 0 272 273 
NUMBER_OF_TECHNICIANS = 9
1 256 262 
263 260 263 
25 267 
13 265 269 
17 266 270 
2 254 255 258 259 
8 261 264 
264 268 
3 257 
DAY = 19
NUMBER_OF_TRUCKS = 5
127 290 291 292 298 
130 297 299 300 
126 288 289 
129 294 295 296 
128 293 
NUMBER_OF_TECHNICIANS = 6
1 271 272 278 282 
36 281 284 286 
2 273 274 276 280 
262 279 287 
31 285 
264 275 277 283 
DAY = 20
NUMBER_OF_TRUCKS = 0
NUMBER_OF_TECHNICIANS = 8
19 298 
17 295 296 297 
6 288 292 
4 289 
30 300 
25 299 
16 290 291 294 
9 293 
DAY = 21
NUMBER_OF_TRUCKS = 0
NUMBER_OF_TECHNICIANS = 0
DAY = 22
NUMBER_OF_TRUCKS = 0
NUMBER_OF_TECHNICIANS = 0
DAY = 23
NUMBER_OF_TRUCKS = 0
NUMBER_OF_TECHNICIANS = 0
DAY = 24
NUMBER_OF_TRUCKS = 0
NUMBER_OF_TECHNICIANS = 0
DAY = 25
NUMBER_OF_TRUCKS = 0
NUMBER_OF_TECHNICIANS = 0
